-21656839.838936
-21364142.295353
-21084505.836675
-20903278.414461
-20858601.613973
-21656837.978558
-21358355.249430
-21084505.863675
-20963085.731586
-20780674.662234
-21656837.883290
-21364142.512005
-21084505.795795
-20960241.971970
-20775847.714371
-21656837.909487
-21358207.194184
-21084510.094203
-20960500.198901
-20780312.694243
-21656838.052454
-21358350.369722
-21084505.214443
-20957227.277419
-20849330.623082
-21656837.896724
-21358206.857300
-21084505.456515
-20903278.373239
-20794027.888731
-21656839.786998
-21364142.191408
-21084505.669505
-20956990.306315
-20781807.012427
-21656837.889906
-21358205.900934
-21084510.289315
-20956794.055075
-20781161.446575
-21656837.889033
-21364142.385141
-21084505.864055
-20903278.126285
-20779535.627161
-21656837.977871
-21364142.263458
-21084506.266023
-20903278.348713
-20777619.898499
