3 -21656839.838936
3 -21656837.978558
3 -21656837.88329
3 -21656837.909487
3 -21656838.052454
3 -21656837.896724
3 -21656839.786998
3 -21656837.889906
3 -21656837.889033
3 -21656837.977871
4 -21364142.295353
4 -21358355.24943
4 -21364142.512005
4 -21358207.194184
4 -21358350.369722
4 -21358206.8573
4 -21364142.191408
4 -21358205.900934
4 -21364142.385141
4 -21364142.263458
5 -21084505.836675
5 -21084505.863675
5 -21084505.795795
5 -21084510.094203
5 -21084505.214443
5 -21084505.456515
5 -21084505.669505
5 -21084510.289315
5 -21084505.864055
5 -21084506.266023
6 -20903278.414461
6 -20963085.731586
6 -20960241.97197
6 -20960500.198901
6 -20957227.277419
6 -20903278.373239
6 -20956990.306315
6 -20956794.055075
6 -20903278.126285
6 -20903278.348713
7 -20858601.613973
7 -20780674.662234
7 -20775847.714371
7 -20780312.694243
7 -20849330.623082
7 -20794027.888731
7 -20781807.012427
7 -20781161.446575
7 -20779535.627161
7 -20777619.898499
